Webots Project File version 8.6
perspectives: 000000ff00000000fd00000003000000000000032000000301fc0100000002fc00000000ffffffff0000000000fffffffc0200000001fb00000012005300630065006e0065005400720065006501000000000000030f0000000000000000fb0000001a0044006f00630075006d0065006e0074006100740069006f006e0000000000ffffffff0000004e00ffffff00000001000002eb00000259fc0200000001fb0000001400540065007800740045006400690074006f0072010000000000000259000000aa00ffffff0000000300000647000000adfc0100000001fb0000000e0043006f006e0073006f006c00650100000000000006470000004f00ffffff000003560000025900000004000000040000000100000008fc00000000
simulationViewPerspectives: 000000ff00000001000000020000016c000004a00100000006010000000101
sceneTreePerspectives: 000000ff0000000100000002000000c0000001120100000006010000000201
minimizedPerspectives: 
maximizedDockId: -1
centralWidgetVisible: 1
orthographicViewHeight: 1
textFiles: 2 "controllers/motion_player/main.cpp" "controllers/motion_player/MotionPlayer.cpp" "controllers/motion_player/MotionPlayer.hpp"
documentationBook: 
documentationPage: 
renderingDevicePerspectives: 62;0;0.025;0.642562;0.00739372
